d_sp = [
    .14, .15, .16, .18,...
    .20, .22, .25, .28, .3,...
    .32, .36,...
    .4, .45, .5, .56, .6, .63, .7,...
    .8, .9,...
    1,...
    1.1,...
    1.2, 1.3, 1.4,...
    1.5, 1.6,...
    1.7, 1.8, 1.9, 2,...
    2.1,...
    2.2, 2.3,...
    2.5, 2.8, 3];

sig_B_sp = [
    ones(1, 4) * 2300,...
    ones(1, 5) * 2260,...
    ones(1, 2) * 2210,...
    ones(1, 7) * 2160,...
    ones(1, 2) * 2110,...
    2060,...
    2010,...
    ones(1, 3) * 1960,...
    ones(1, 2) * 1860,...
    ones(1, 4) * 1770,...
    1720,...
    ones(1, 2) * 1670,...
    ones(1, 3) * 1620];